function ret = getHomeConfiguration()

    ret = [0.44734, 0.19477, -1.00479, 0.60115, 0.72393, 0.16223]';

end